============================================================
PC-98 GAME.HDI INVESTIGATION
============================================================

[G0] PRESERVATION
------------------------------------------------------------
File: D:\PC98_Localization\game_work\GAME.HDI
Size: 10479616 bytes
LastWriteTime: 09/30/2026 05:38:33
SHA256: 746D37E84DF31232D56DB0AF100EEA0706D22225D2ACB39377A3CC1F677CF936

[G1] HDI HEADER - FIRST 512 BYTES
------------------------------------------------------------


           Path:  

           00 01 02 03 04 05 06 07 08 09 0A 0B 0C 0D 0E 0F

00000000   00 00 00 00 00 00 00 00 00 10 00 00 00 D8 9F 00  .............Ø.
00000010   00 01 00 00 21 00 00 00 04 00 00 00 36 01 00 00  ....!.......6...
00000020   00 00 00 00 00 00 00 00 00 00 00 00 00 00 00 00  ................
00000030   00 00 00 00 00 00 00 00 00 00 00 00 00 00 00 00  ................
00000040   00 00 00 00 00 00 00 00 00 00 00 00 00 00 00 00  ................
00000050   00 00 00 00 00 00 00 00 00 00 00 00 00 00 00 00  ................
00000060   00 00 00 00 00 00 00 00 00 00 00 00 00 00 00 00  ................
00000070   00 00 00 00 00 00 00 00 00 00 00 00 00 00 00 00  ................
00000080   00 00 00 00 00 00 00 00 00 00 00 00 00 00 00 00  ................
00000090   00 00 00 00 00 00 00 00 00 00 00 00 00 00 00 00  ................
000000A0   00 00 00 00 00 00 00 00 00 00 00 00 00 00 00 00  ................
000000B0   00 00 00 00 00 00 00 00 00 00 00 00 00 00 00 00  ................
000000C0   00 00 00 00 00 00 00 00 00 00 00 00 00 00 00 00  ................
000000D0   00 00 00 00 00 00 00 00 00 00 00 00 00 00 00 00  ................
000000E0   00 00 00 00 00 00 00 00 00 00 00 00 00 00 00 00  ................
000000F0   00 00 00 00 00 00 00 00 00 00 00 00 00 00 00 00  ................
00000100   00 00 00 00 00 00 00 00 00 00 00 00 00 00 00 00  ................
00000110   00 00 00 00 00 00 00 00 00 00 00 00 00 00 00 00  ................
00000120   00 00 00 00 00 00 00 00 00 00 00 00 00 00 00 00  ................
00000130   00 00 00 00 00 00 00 00 00 00 00 00 00 00 00 00  ................
00000140   00 00 00 00 00 00 00 00 00 00 00 00 00 00 00 00  ................
00000150   00 00 00 00 00 00 00 00 00 00 00 00 00 00 00 00  ................
00000160   00 00 00 00 00 00 00 00 00 00 00 00 00 00 00 00  ................
00000170   00 00 00 00 00 00 00 00 00 00 00 00 00 00 00 00  ................
00000180   00 00 00 00 00 00 00 00 00 00 00 00 00 00 00 00  ................
00000190   00 00 00 00 00 00 00 00 00 00 00 00 00 00 00 00  ................
000001A0   00 00 00 00 00 00 00 00 00 00 00 00 00 00 00 00  ................
000001B0   00 00 00 00 00 00 00 00 00 00 00 00 00 00 00 00  ................
000001C0   00 00 00 00 00 00 00 00 00 00 00 00 00 00 00 00  ................
000001D0   00 00 00 00 00 00 00 00 00 00 00 00 00 00 00 00  ................
000001E0   00 00 00 00 00 00 00 00 00 00 00 00 00 00 00 00  ................
000001F0   00 00 00 00 00 00 00 00 00 00 00 00 00 00 00 00  ................




[STATUS]
Original file has not been modified.
Filesystem: UNKNOWN
Boot executable: UNKNOWN
Game engine: UNKNOWN
Text format: UNKNOWN
Extractor: NOT STARTED
Importer: NOT STARTED
Translation: NOT STARTED

